1628848604951 0.9930657744407654 0
1628848679531 0.9714240431785583 1
1628848745010 0.9716165661811829 2
1628848816467 0.9714938998222351 3
1628848886356 0.9715138077735901 4
1628848957209 0.9701758623123169 5
1628849022679 0.9499402642250061 6
1628849089126 0.9433019757270813 7
1628849155501 0.9481205940246582 8
1628849222601 0.9504234194755554 9
1628849292284 0.9459142088890076 10
1628849356970 0.9463732242584229 11
1628849423208 0.9497107863426208 12
1628849489181 0.9525701999664307 13
1628849557595 0.9447432160377502 14
1628849626953 0.933175265789032 15
1628849694331 0.9427533745765686 16
1628849761517 0.9462082386016846 17
1628849829102 0.9266350269317627 18
1628849899873 0.8844430446624756 19
1628849967088 0.9154953956604004 20
1628850034554 0.8791271448135376 21
1628850101935 0.8623886108398438 22
1628850169340 0.857666552066803 23
1628850240803 0.8715013861656189 24
