1628848604951 491.1687927246094 0
1628848679531 233.8993682861328 1
1628848745010 235.38951110839844 2
1628848816467 234.2375946044922 3
1628848886356 233.5114288330078 4
1628848957209 221.36842346191406 5
1628849022679 203.71499633789062 6
1628849089126 198.25865173339844 7
1628849155501 194.8446044921875 8
1628849222601 193.0315399169922 9
1628849292284 191.6973419189453 10
1628849356970 190.38613891601562 11
1628849423208 188.6468963623047 12
1628849489181 185.89572143554688 13
1628849557595 182.0235137939453 14
1628849626953 178.60662841796875 15
1628849694331 177.67709350585938 16
1628849761517 175.77806091308594 17
1628849829102 174.44552612304688 18
1628849899873 174.33624267578125 19
1628849967088 177.97726440429688 20
1628850034554 171.9253692626953 21
1628850101935 171.88153076171875 22
1628850169340 172.56471252441406 23
1628850240803 170.92738342285156 24
